{
    "fl_x": 132.786935,
    "fl_y": 132.81578,
    "k1": 0,
    "k2": 0,
    "k3": 0,
    "k4": 0,
    "p1": 0,
    "p2": 0,
    "cx": 160.0,
    "cy": 90.0,
    "w": 320.0,
    "h": 180.0,
    "aabb_scale": 16,
    "frames": [
        {
            "file_path": "./images_4/28.png",
            "transform_matrix": [
                [
                    1.0,
                    0.0,
                    0.0,
                    0.0
                ],
                [
                    0.0,
                    1.0,
                    0.0,
                    -0.0
                ],
                [
                    0.0,
                    0.0,
                    1.0,
                    -0.0
                ],
                [
                    0.0,
                    0.0,
                    0.0,
                    1.0
                ]
            ]
        },
        {
            "file_path": "./images_4/29.png",
            "transform_matrix": [
                [
                    1.0,
                    -0.00024937637499533594,
                    0.00015582262130919844,
                    0.004114901181310415
                ],
                [
                    0.00024929369101300836,
                    0.9999998807907104,
                    0.000530559744220227,
                    -0.004061286337673664
                ],
                [
                    -0.00015595491277053952,
                    -0.0005305208615027368,
                    0.9999999403953552,
                    -0.00025790921063162386
                ],
                [
                    0.0,
                    0.0,
                    0.0,
                    1.0
                ]
            ]
        },
        {
            "file_path": "./images_4/30.png",
            "transform_matrix": [
                [
                    1.0,
                    -0.00024937637499533594,
                    0.00015582262130919844,
                    0.004143095720936907
                ],
                [
                    0.00024929369101300836,
                    0.9999998807907104,
                    0.000530559744220227,
                    -0.004050694509036515
                ],
                [
                    -0.00015595491277053952,
                    -0.0005305208615027368,
                    0.9999999403953552,
                    -0.00017500617271941848
                ],
                [
                    0.0,
                    0.0,
                    0.0,
                    1.0
                ]
            ]
        },
        {
            "file_path": "./images_4/31.png",
            "transform_matrix": [
                [
                    0.9999999366066061,
                    -0.0004388544881547118,
                    0.0002594149300175377,
                    0.01297486976726161
                ],
                [
                    0.0004386915396610293,
                    0.9999997819275677,
                    0.0006279049535129639,
                    -0.00396179612851103
                ],
                [
                    -0.00025969042051508025,
                    -0.0006277910492174191,
                    0.999999872613422,
                    -0.006712697411027441
                ],
                [
                    0.0,
                    0.0,
                    0.0,
                    1.0
                ]
            ]
        },
        {
            "file_path": "./images_4/32.png",
            "transform_matrix": [
                [
                    0.9999999366066061,
                    -0.0004388544881547118,
                    0.0002594149300175377,
                    0.012974869615178885
                ],
                [
                    0.0004386915396610293,
                    0.9999997819275677,
                    0.0006279049535129639,
                    -0.003961795957216676
                ],
                [
                    -0.00025969042051508025,
                    -0.0006277910492174191,
                    0.999999872613422,
                    -0.006712696855962779
                ],
                [
                    0.0,
                    0.0,
                    0.0,
                    1.0
                ]
            ]
        },
        {
            "file_path": "./images_4/33.png",
            "transform_matrix": [
                [
                    0.9999999366066061,
                    -0.0004388544881547118,
                    0.0002594149300175377,
                    0.012974254848247409
                ],
                [
                    0.0004386915396610293,
                    0.9999997819275677,
                    0.0006279049535129639,
                    -0.003961887345552699
                ],
                [
                    -0.00025969042051508025,
                    -0.0006277910492174191,
                    0.999999872613422,
                    -0.0067103149297393664
                ],
                [
                    0.0,
                    0.0,
                    0.0,
                    1.0
                ]
            ]
        },
        {
            "file_path": "./images_4/34.png",
            "transform_matrix": [
                [
                    0.999999256494983,
                    -0.0011922831473513765,
                    0.00045771794463733955,
                    0.01615299267463163
                ],
                [
                    0.001191686639844589,
                    0.9999985518137487,
                    0.0013014842411837924,
                    -0.011124434994975356
                ],
                [
                    -0.0004592689867749535,
                    -0.0013009377008868894,
                    0.9999991597705928,
                    -0.0075298554643459465
                ],
                [
                    0.0,
                    0.0,
                    0.0,
                    1.0
                ]
            ]
        },
        {
            "file_path": "./images_4/35.png",
            "transform_matrix": [
                [
                    0.9999992454223013,
                    -0.001221667930008925,
                    0.0004053662521188538,
                    0.01588261020211042
                ],
                [
                    0.0012211293482615102,
                    0.9999984842411699,
                    0.001326444974255279,
                    -0.011202332389942525
                ],
                [
                    -0.00040698608769630586,
                    -0.0013259488492768016,
                    0.9999991512445533,
                    -0.00744566657957175
                ],
                [
                    0.0,
                    0.0,
                    0.0,
                    1.0
                ]
            ]
        },
        {
            "file_path": "./images_4/36.png",
            "transform_matrix": [
                [
                    0.9999996135131025,
                    -0.000970578100285435,
                    0.00010700206493213033,
                    0.01225958765645601
                ],
                [
                    0.0009704571539490265,
                    0.9999989978904845,
                    0.0011250419441533508,
                    -0.01008471258286503
                ],
                [
                    -0.0001080938998021257,
                    -0.0011249375635664313,
                    0.9999994798158234,
                    -0.00021785482107903372
                ],
                [
                    0.0,
                    0.0,
                    0.0,
                    1.0
                ]
            ]
        },
        {
            "file_path": "./images_4/37.png",
            "transform_matrix": [
                [
                    0.9999994235473864,
                    0.0011434783561251897,
                    -0.00010938905182050868,
                    0.009911599865341778
                ],
                [
                    -0.0011434236492520796,
                    0.9999993103859817,
                    0.000498527123168998,
                    -0.00798674570443429
                ],
                [
                    0.000109959016907448,
                    -0.0004984017069405225,
                    0.9999999697813649,
                    0.0008647422621940407
                ],
                [
                    0.0,
                    0.0,
                    0.0,
                    1.0
                ]
            ]
        },
        {
            "file_path": "./images_4/38.png",
            "transform_matrix": [
                [
                    0.9999991462351205,
                    0.0013181281957297634,
                    -0.0002739315557232233,
                    0.008614371162946388
                ],
                [
                    -0.0013180507373467207,
                    0.9999991587512259,
                    0.00028260555659061947,
                    -0.006977107508247821
                ],
                [
                    0.00027430383033622506,
                    -0.0002822442655202491,
                    1.0000000594434133,
                    0.002830908002320854
                ],
                [
                    0.0,
                    0.0,
                    0.0,
                    1.0
                ]
            ]
        },
        {
            "file_path": "./images_4/39.png",
            "transform_matrix": [
                [
                    0.9999991461337877,
                    0.0013197948194583438,
                    -0.0002662818676020936,
                    0.008718431018559125
                ],
                [
                    -0.0013197177385677328,
                    0.999999154665962,
                    0.0002892864873684869,
                    -0.007067015311456995
                ],
                [
                    0.0002666634369414585,
                    -0.00028893482850035585,
                    1.0000000596508296,
                    0.0030402415198886017
                ],
                [
                    0.0,
                    0.0,
                    0.0,
                    1.0
                ]
            ]
        },
        {
            "file_path": "./images_4/40.png",
            "transform_matrix": [
                [
                    0.9999991461337877,
                    0.0013197948194583438,
                    -0.0002662818676020936,
                    0.00871843101856758
                ],
                [
                    -0.0013197177385677328,
                    0.999999154665962,
                    0.0002892864873684869,
                    -0.007067015311444128
                ],
                [
                    0.0002666634369414585,
                    -0.00028893482850035585,
                    1.0000000596508296,
                    0.003040241519888608
                ],
                [
                    0.0,
                    0.0,
                    0.0,
                    1.0
                ]
            ]
        },
        {
            "file_path": "./images_4/41.png",
            "transform_matrix": [
                [
                    0.999999105963857,
                    0.001335914237756423,
                    -0.0003372426633185057,
                    0.008678874710445659
                ],
                [
                    -0.001335816000887589,
                    0.9999991328608195,
                    0.0002912221490542026,
                    -0.0077545226832936584
                ],
                [
                    0.0003376313942211459,
                    -0.0002907713989825776,
                    1.0000000401956215,
                    0.007435695144202926
                ],
                [
                    0.0,
                    0.0,
                    0.0,
                    1.0
                ]
            ]
        },
        {
            "file_path": "./images_4/42.png",
            "transform_matrix": [
                [
                    0.999999105963857,
                    0.001335914237756423,
                    -0.0003372426633185057,
                    0.008678874710425338
                ],
                [
                    -0.001335816000887589,
                    0.9999991328608195,
                    0.0002912221490542026,
                    -0.00775452268329563
                ],
                [
                    0.0003376313942211459,
                    -0.0002907713989825776,
                    1.0000000401956215,
                    0.007435695144202918
                ],
                [
                    0.0,
                    0.0,
                    0.0,
                    1.0
                ]
            ]
        },
        {
            "file_path": "./images_4/43.png",
            "transform_matrix": [
                [
                    0.9999987112865645,
                    -0.0015999675813403956,
                    -0.00023530874456684803,
                    0.01234980314733251
                ],
                [
                    0.0015999077830606892,
                    0.9999987429866124,
                    -0.0002543686025070901,
                    -0.007255017071089897
                ],
                [
                    0.0002357154495675164,
                    0.0002539917203646011,
                    1.0000001137978558,
                    0.004974622750513976
                ],
                [
                    0.0,
                    0.0,
                    0.0,
                    1.0
                ]
            ]
        },
        {
            "file_path": "./images_4/44.png",
            "transform_matrix": [
                [
                    0.9999985308757634,
                    -0.0015245309555689784,
                    0.0007648032698957193,
                    0.017073227100148993
                ],
                [
                    0.0015248289701364883,
                    0.9999988288472468,
                    -0.00038904978691580756,
                    -0.006761114355234402
                ],
                [
                    -0.0007642090148638062,
                    0.00039021533459384413,
                    0.9999998380585273,
                    -0.023486947503585143
                ],
                [
                    0.0,
                    0.0,
                    0.0,
                    1.0
                ]
            ]
        },
        {
            "file_path": "./images_4/45.png",
            "transform_matrix": [
                [
                    0.9999985308757634,
                    -0.0015245309555689784,
                    0.0007648032698957193,
                    0.01707397164729241
                ],
                [
                    0.0015248289701364883,
                    0.9999988288472468,
                    -0.00038904978691580756,
                    -0.0067621065190763005
                ],
                [
                    -0.0007642090148638062,
                    0.00039021533459384413,
                    0.9999998380585273,
                    -0.023487535829546644
                ],
                [
                    0.0,
                    0.0,
                    0.0,
                    1.0
                ]
            ]
        },
        {
            "file_path": "./images_4/46.png",
            "transform_matrix": [
                [
                    0.9999985308757634,
                    -0.0015245309555689784,
                    0.0007648032698957193,
                    0.017073972132177553
                ],
                [
                    0.0015248289701364883,
                    0.9999988288472468,
                    -0.00038904978691580756,
                    -0.0067621163249848674
                ],
                [
                    -0.0007642090148638062,
                    0.00039021533459384413,
                    0.9999998380585273,
                    -0.02348752499831033
                ],
                [
                    0.0,
                    0.0,
                    0.0,
                    1.0
                ]
            ]
        },
        {
            "file_path": "./images_4/47.png",
            "transform_matrix": [
                [
                    0.9999985843623306,
                    -0.001550795092788367,
                    0.0006425142750767916,
                    0.01620119976818153
                ],
                [
                    0.0015511017976142256,
                    0.9999987545991375,
                    -0.0004769214867446236,
                    -0.006341419998669914
                ],
                [
                    -0.0006417736807591934,
                    0.00047791732681071327,
                    0.9999998974020928,
                    -0.01690934549929106
                ],
                [
                    0.0,
                    0.0,
                    0.0,
                    1.0
                ]
            ]
        },
        {
            "file_path": "./images_4/48.png",
            "transform_matrix": [
                [
                    0.9999985843623306,
                    -0.001550795092788367,
                    0.0006425142750767916,
                    0.016201206054013723
                ],
                [
                    0.0015511017976142256,
                    0.9999987545991375,
                    -0.0004769214867446236,
                    -0.006341419982908472
                ],
                [
                    -0.0006417736807591934,
                    0.00047791732681071327,
                    0.9999998974020928,
                    -0.01690933904720468
                ],
                [
                    0.0,
                    0.0,
                    0.0,
                    1.0
                ]
            ]
        },
        {
            "file_path": "./images_4/49.png",
            "transform_matrix": [
                [
                    0.9999985843623306,
                    -0.001550795092788367,
                    0.0006425142750767916,
                    0.016203251231512058
                ],
                [
                    0.0015511017976142256,
                    0.9999987545991375,
                    -0.0004769214867446236,
                    -0.006339365485282405
                ],
                [
                    -0.0006417736807591934,
                    0.00047791732681071327,
                    0.9999998974020928,
                    -0.016903563780248654
                ],
                [
                    0.0,
                    0.0,
                    0.0,
                    1.0
                ]
            ]
        },
        {
            "file_path": "./images_4/50.png",
            "transform_matrix": [
                [
                    0.9999995744988656,
                    -0.0009060452464853886,
                    0.0004721374153581303,
                    0.010621805637824135
                ],
                [
                    0.0009063686924792796,
                    0.9999994765499939,
                    -0.0006850957675759349,
                    -0.008697214017105662
                ],
                [
                    -0.0004715162364334822,
                    0.0006855232038687214,
                    0.9999999074504095,
                    0.0050007396968951325
                ],
                [
                    0.0,
                    0.0,
                    0.0,
                    1.0
                ]
            ]
        },
        {
            "file_path": "./images_4/51.png",
            "transform_matrix": [
                [
                    0.9999995744988656,
                    -0.0009060452464853886,
                    0.0004721374153581303,
                    0.010619963125537814
                ],
                [
                    0.0009063686924792796,
                    0.9999994765499939,
                    -0.0006850957675759349,
                    -0.008692952844072998
                ],
                [
                    -0.0004715162364334822,
                    0.0006855232038687214,
                    0.9999999074504095,
                    0.005081821983450277
                ],
                [
                    0.0,
                    0.0,
                    0.0,
                    1.0
                ]
            ]
        },
        {
            "file_path": "./images_4/52.png",
            "transform_matrix": [
                [
                    0.9999995744988656,
                    -0.0009060452464853886,
                    0.0004721374153581303,
                    0.010619259826941601
                ],
                [
                    0.0009063686924792796,
                    0.9999994765499939,
                    -0.0006850957675759349,
                    -0.008696315056072027
                ],
                [
                    -0.0004715162364334822,
                    0.0006855232038687214,
                    0.9999999074504095,
                    0.005089038224197577
                ],
                [
                    0.0,
                    0.0,
                    0.0,
                    1.0
                ]
            ]
        },
        {
            "file_path": "./images_4/53.png",
            "transform_matrix": [
                [
                    0.9999995922682314,
                    -0.0008939089400344623,
                    0.0004577913425418706,
                    0.010515874713176911
                ],
                [
                    0.000894218190158862,
                    0.9999994941018188,
                    -0.0006755511401956904,
                    -0.008832999106588304
                ],
                [
                    -0.00045718702832892223,
                    0.0006759600289748971,
                    0.9999999207626485,
                    0.00557218242768755
                ],
                [
                    0.0,
                    0.0,
                    0.0,
                    1.0
                ]
            ]
        },
        {
            "file_path": "./images_4/54.png",
            "transform_matrix": [
                [
                    0.9999995922682314,
                    -0.0008939089400344623,
                    0.0004577913425418706,
                    0.010508125346108552
                ],
                [
                    0.000894218190158862,
                    0.9999994941018188,
                    -0.0006755511401956904,
                    -0.008829263737511917
                ],
                [
                    -0.00045718702832892223,
                    0.0006759600289748971,
                    0.9999999207626485,
                    0.005579599339729841
                ],
                [
                    0.0,
                    0.0,
                    0.0,
                    1.0
                ]
            ]
        },
        {
            "file_path": "./images_4/55.png",
            "transform_matrix": [
                [
                    0.9999976548220776,
                    0.001776930804782947,
                    0.0013119489634388433,
                    0.013748696769809455
                ],
                [
                    -0.0017732226332079228,
                    0.9999945283023022,
                    -0.0028222577744267834,
                    -0.0049736189872094895
                ],
                [
                    -0.0013169564035300685,
                    0.0028199242036482386,
                    0.9999954558464335,
                    0.004431156276578117
                ],
                [
                    0.0,
                    0.0,
                    0.0,
                    1.0
                ]
            ]
        },
        {
            "file_path": "./images_4/56.png",
            "transform_matrix": [
                [
                    0.9999778628584415,
                    0.006679125766459417,
                    0.00021745321326885824,
                    0.012429782691238806
                ],
                [
                    -0.0066787255126236535,
                    0.9999762804608004,
                    -0.0017918130593317283,
                    -6.424090958587637e-05
                ],
                [
                    -0.00022941589885501002,
                    0.0017903207818659366,
                    0.999998778230492,
                    0.0033242511952695196
                ],
                [
                    0.0,
                    0.0,
                    0.0,
                    1.0
                ]
            ]
        },
        {
            "file_path": "./images_4/57.png",
            "transform_matrix": [
                [
                    0.9999358756512133,
                    0.008869271582561391,
                    0.00706762590996037,
                    0.03329774439078212
                ],
                [
                    -0.008861333646127989,
                    0.999960223950107,
                    -0.001153623461707983,
                    0.012833389772592279
                ],
                [
                    -0.007077574353641287,
                    0.0010909210058002825,
                    0.9999747962123507,
                    -0.039036340253114254
                ],
                [
                    0.0,
                    0.0,
                    0.0,
                    1.0
                ]
            ]
        },
        {
            "file_path": "./images_4/58.png",
            "transform_matrix": [
                [
                    0.999800814995403,
                    0.005449120993459076,
                    0.019209474690226113,
                    0.04506380404121649
                ],
                [
                    -0.005386591278809874,
                    0.9999801886323859,
                    -0.003305374551708603,
                    0.029752543971516207
                ],
                [
                    -0.019227097704802874,
                    0.003201241545292459,
                    0.9998104450931156,
                    -0.045962299351330935
                ],
                [
                    0.0,
                    0.0,
                    0.0,
                    1.0
                ]
            ]
        },
        {
            "file_path": "./images_4/59.png",
            "transform_matrix": [
                [
                    0.9995618946563637,
                    0.007581410165280361,
                    0.028616420769063653,
                    0.008991397785653742
                ],
                [
                    -0.007471694299651097,
                    0.9999644781889451,
                    -0.003938993615405923,
                    0.023765672161658015
                ],
                [
                    -0.02864525710829549,
                    0.003723453485388794,
                    0.9995831216078345,
                    -0.06876504061197831
                ],
                [
                    0.0,
                    0.0,
                    0.0,
                    1.0
                ]
            ]
        },
        {
            "file_path": "./images_4/60.png",
            "transform_matrix": [
                [
                    0.99889710808781,
                    0.010472420301854543,
                    0.04577450443418177,
                    0.003993329413549834
                ],
                [
                    -0.010207997026115715,
                    0.9999300466115317,
                    -0.0060065986868250735,
                    0.038042467861838916
                ],
                [
                    -0.04583418707798167,
                    0.005532705657251703,
                    0.9989341846945706,
                    -0.11014960340172682
                ],
                [
                    0.0,
                    0.0,
                    0.0,
                    1.0
                ]
            ]
        },
        {
            "file_path": "./images_4/61.png",
            "transform_matrix": [
                [
                    0.9980414048237137,
                    0.00542651485405671,
                    0.062326018660857865,
                    0.0007811928482009877
                ],
                [
                    -0.004988772323456313,
                    0.9999621112294803,
                    -0.007176902974321464,
                    0.018064638256263067
                ],
                [
                    -0.06236256992104797,
                    0.006851912364863411,
                    0.9980306110674239,
                    -0.17062158330532648
                ],
                [
                    0.0,
                    0.0,
                    0.0,
                    1.0
                ]
            ]
        },
        {
            "file_path": "./images_4/62.png",
            "transform_matrix": [
                [
                    0.997105782594719,
                    0.008864388909780592,
                    0.07551237536754189,
                    -0.03794950891766788
                ],
                [
                    -0.00800149484549303,
                    0.999899557627967,
                    -0.01172207920948759,
                    0.03067399789620203
                ],
                [
                    -0.07560866430231335,
                    0.011083935630649633,
                    0.9970765777810379,
                    -0.2034588580653128
                ],
                [
                    0.0,
                    0.0,
                    0.0,
                    1.0
                ]
            ]
        },
        {
            "file_path": "./images_4/63.png",
            "transform_matrix": [
                [
                    0.9950434815928674,
                    0.01152398227267518,
                    0.09877411669248078,
                    -0.019369355149577352
                ],
                [
                    -0.010513237675739874,
                    0.9998872492979939,
                    -0.010747295213610949,
                    0.019637540643885742
                ],
                [
                    -0.09888678144915745,
                    0.009655585848605869,
                    0.995052461085999,
                    -0.2698589378925559
                ],
                [
                    0.0,
                    0.0,
                    0.0,
                    1.0
                ]
            ]
        },
        {
            "file_path": "./images_4/64.png",
            "transform_matrix": [
                [
                    0.9933678811755463,
                    0.010786887481727587,
                    0.11447518278261636,
                    -0.055767770541308076
                ],
                [
                    -0.010089782284562749,
                    0.9999271507256403,
                    -0.0066672619531786175,
                    0.018484429258398386
                ],
                [
                    -0.11453870024063484,
                    0.005468012705082584,
                    0.9934043513097601,
                    -0.3559726057400382
                ],
                [
                    0.0,
                    0.0,
                    0.0,
                    1.0
                ]
            ]
        },
        {
            "file_path": "./images_4/65.png",
            "transform_matrix": [
                [
                    0.9927755128687292,
                    0.006201243841768734,
                    0.11982944755947271,
                    -0.07967561191055719
                ],
                [
                    -0.005681088226074729,
                    0.9999731911295711,
                    -0.004681918203045324,
                    0.006193131108889501
                ],
                [
                    -0.11985519881666322,
                    0.003967331358971101,
                    0.9927840831979149,
                    -0.41628933851410177
                ],
                [
                    0.0,
                    0.0,
                    0.0,
                    1.0
                ]
            ]
        },
        {
            "file_path": "./images_4/66.png",
            "transform_matrix": [
                [
                    0.9922996095816924,
                    0.00733645401654904,
                    0.12364636434062654,
                    -0.08278363484040839
                ],
                [
                    -0.006630203330963612,
                    0.9999595645566116,
                    -0.006122371497730673,
                    -0.004059831148718867
                ],
                [
                    -0.12368620957884245,
                    0.005255424610588942,
                    0.992308086290253,
                    -0.47670425131023614
                ],
                [
                    0.0,
                    0.0,
                    0.0,
                    1.0
                ]
            ]
        },
        {
            "file_path": "./images_4/67.png",
            "transform_matrix": [
                [
                    0.9920428230771094,
                    0.005619784318624608,
                    0.12577864265707894,
                    -0.0763448713049871
                ],
                [
                    -0.005064827110012837,
                    0.9999763134789016,
                    -0.004731529277830883,
                    -0.017080506820104598
                ],
                [
                    -0.1258021731908488,
                    0.004056831400469419,
                    0.9920476865406487,
                    -0.5682110878256832
                ],
                [
                    0.0,
                    0.0,
                    0.0,
                    1.0
                ]
            ]
        },
        {
            "file_path": "./images_4/68.png",
            "transform_matrix": [
                [
                    0.9923310034875283,
                    0.00425964110613763,
                    0.12353898722072872,
                    -0.09820199592138819
                ],
                [
                    -0.0031915488308622056,
                    0.9999561577310183,
                    -0.008842400058740435,
                    -0.0147072070638191
                ],
                [
                    -0.1235711545299076,
                    0.008380302562957891,
                    0.9923009669159075,
                    -0.6388215584426669
                ],
                [
                    0.0,
                    0.0,
                    0.0,
                    1.0
                ]
            ]
        },
        {
            "file_path": "./images_4/69.png",
            "transform_matrix": [
                [
                    0.9925364375866582,
                    0.0034250135667284833,
                    0.1219045813349996,
                    -0.10454620365521827
                ],
                [
                    -0.0023748169206503395,
                    0.9999592621694474,
                    -0.008759155585002319,
                    -0.006495797762519134
                ],
                [
                    -0.12192951767546642,
                    0.008404274400633587,
                    0.9925038759946846,
                    -0.7044144435710543
                ],
                [
                    0.0,
                    0.0,
                    0.0,
                    1.0
                ]
            ]
        },
        {
            "file_path": "./images_4/70.png",
            "transform_matrix": [
                [
                    0.9920736295695548,
                    0.003248558697551635,
                    0.12562047674191004,
                    -0.06393573700262616
                ],
                [
                    -0.002120654200423078,
                    0.9999567806953291,
                    -0.009111354423088677,
                    -0.013412789955258568
                ],
                [
                    -0.12564454039034634,
                    0.008772730582022086,
                    0.9920373372294371,
                    -0.802612432450109
                ],
                [
                    0.0,
                    0.0,
                    0.0,
                    1.0
                ]
            ]
        },
        {
            "file_path": "./images_4/71.png",
            "transform_matrix": [
                [
                    0.9926597960593619,
                    0.00019258609017831215,
                    0.1209450544860232,
                    -0.07986540183789229
                ],
                [
                    0.0010681528092195687,
                    0.9999462726771774,
                    -0.010359145023575976,
                    0.004478498854231381
                ],
                [
                    -0.12094044800328586,
                    0.010412286689117234,
                    0.9926059487436714,
                    -0.8702527117312278
                ],
                [
                    0.0,
                    0.0,
                    0.0,
                    1.0
                ]
            ]
        },
        {
            "file_path": "./images_4/72.png",
            "transform_matrix": [
                [
                    0.9933664851421774,
                    -0.0020551057455610246,
                    0.11497843606606911,
                    -0.0903794036613027
                ],
                [
                    0.0034719433262056696,
                    0.9999210133620882,
                    -0.012123731307104485,
                    0.0036219609581384007
                ],
                [
                    -0.11494433469840007,
                    0.012442497011862471,
                    0.9932948104942491,
                    -0.926255150074221
                ],
                [
                    0.0,
                    0.0,
                    0.0,
                    1.0
                ]
            ]
        },
        {
            "file_path": "./images_4/73.png",
            "transform_matrix": [
                [
                    0.993370142914739,
                    -0.0022119357144056227,
                    0.11494403123797546,
                    -0.044858155953000564
                ],
                [
                    0.0031285276913825544,
                    0.999965278630249,
                    -0.00779445197641116,
                    -0.01820889784669457
                ],
                [
                    -0.11492269254602672,
                    0.008102375154073083,
                    0.9933422003248416,
                    -1.0248547038064608
                ],
                [
                    0.0,
                    0.0,
                    0.0,
                    1.0
                ]
            ]
        },
        {
            "file_path": "./images_4/74.png",
            "transform_matrix": [
                [
                    0.9942486096169302,
                    -0.00805710801395202,
                    0.10679940061423913,
                    -0.055046642262725175
                ],
                [
